brand number replication   sodium content
1              1              24.4
2              1              10.2
3              1              19.2
4              1              17.4
5              1              13.4
6              1              21.3
1              2              22.6
2              2              12.1
3              2              19.4
4              2              18.1
5              2              15.0
6              2              20.2
1              3              23.8
2              3              10.3
3              3              19.8
4              3              16.7
5              3              14.1
6              3              20.7
1              4              22.0
2              4              10.2
3              4              19.0
4              4              18.3
5              4              13.1
6              4              20.8
1              5              24.5
2              5               9.9
3              5              19.6
4              5              17.6
5              5              14.9
6              5              20.1
1              6              22.3
2              6              11.2
3              6              18.3
4              6              17.5
5              6              15.0
6              6              18.8
1              7              25.0
2              7              12.0
3              7              20.0
4              7              18.0
5              7              13.4
6              7              21.1
1              8              24.5
2              8               9.5
3              8              19.4
4              8              16.4
5              8              14.8
6              8              20.3